Version 0.9.7
5
 4 10 175 77 128 0 1
 5 80 400 206 81 2 2
 0 218 141 877 276 8 3
 1 510 33 206 81 140 4
 3 533 475 203 58 150 5
 0
23
 255 5 71 189 71 189 71 167 271 167 271 168 271 168 0 1 0 3
 65793 5 71 288 71 288 71 403 271 403 271 402 271 402 0 1 0 3
 65793 5 525 102 525 102 524 102 531 102 531 155 531 155 0 4 0 3
 65793 5 310 155 310 155 310 155 310 402 310 402 310 402 0 3 0 3
 255 5 525 44 525 44 505 44 505 44 505 168 505 168 0 4 0 3
 255 5 323 168 323 168 323 168 323 389 323 389 323 389 0 3 0 3
 255 5 557 168 557 168 557 168 557 207 557 207 557 207 0 3 0 3
 0 5 648 350 648 350 662 350 662 402 648 402 648 402 0 3 0 3
 8454016 5 609 337 609 337 609 345 709 345 709 70 699 70 0 3 0 4
 8454016 5 680 70 680 70 689 70 689 324 583 324 583 324 0 4 0 3
 8454016 5 583 207 583 207 670 207 670 70 661 70 661 70 0 3 0 4
 8454016 5 609 207 609 207 609 212 651 212 651 70 642 70 0 3 0 4
 12615680 5 622 311 622 311 633 311 633 70 623 70 623 70 0 3 0 4
 12615680 5 570 311 570 265 614 265 614 70 604 70 604 70 0 3 0 4
 12615680 5 570 246 570 246 595 246 595 70 585 70 585 70 0 3 0 4
 12615680 5 622 246 622 133 575 133 575 70 566 70 566 70 0 3 0 4
 33023 5 648 246 667 246 667 463 530 463 530 519 579 519 0 3 0 5
 65535 5 596 350 596 428 748 428 748 550 659 550 659 519 0 3 0 5
 65535 5 557 350 557 350 557 559 639 559 639 519 639 519 0 3 0 5
 65535 5 596 233 596 226 515 226 515 547 619 547 619 519 0 3 0 5
 65535 5 635 233 635 253 484 253 484 538 599 538 599 519 0 3 0 5
 65793 5 453 402 453 402 453 512 453 512 544 512 544 512 0 3 0 5
 65793 5 635 337 635 337 635 337 648 337 648 337 648 337 0 3 0 3
1
 7283 1 16 551 259 5 0 0 0 3
