Version 0.9.7
5
 4 10 175 77 128 0 1
 5 80 400 206 81 2 2
 0 195 183 877 276 8 3
 1 291 28 206 81 140 4
 3 419 469 203 58 150 5
 0
22
 255 5 71 189 71 189 71 189 248 189 248 197 248 197 0 1 0 3
 255 5 71 202 71 202 101 202 101 39 306 39 306 39 0 1 0 4
 65793 5 71 288 71 288 122 288 122 444 248 444 248 444 0 1 0 3
 65793 5 71 275 71 275 120 275 120 97 306 97 306 97 0 1 0 4
 255 5 326 197 326 197 326 197 326 249 326 249 326 249 0 3 0 3
 0 5 417 392 417 392 417 392 417 444 417 444 417 444 0 3 0 3
 0 5 339 392 339 392 339 392 339 444 339 444 339 444 0 3 0 3
 0 5 365 392 365 392 365 392 365 444 365 444 365 444 0 3 0 3
 65408 5 347 65 347 65 335 65 335 249 339 249 339 249 0 4 0 3
 65408 5 366 65 366 65 356 65 356 249 365 249 365 249 0 4 0 3
 65408 5 385 65 385 65 376 65 376 249 378 249 378 249 0 4 0 3
 65408 5 404 249 404 249 394 249 394 63 404 63 404 65 0 3 0 4
 16744448 5 326 353 303 353 303 162 414 162 414 65 423 65 0 3 0 4
 16744448 5 352 275 352 171 434 171 434 64 442 64 442 65 0 3 0 4
 16744448 5 391 275 391 261 449 261 449 65 461 65 461 65 0 3 0 4
 16744448 5 417 275 417 275 471 275 471 65 480 65 480 65 0 3 0 4
 255 5 612 431 612 431 612 431 612 197 612 197 612 197 0 3 0 3
 0 5 71 262 71 262 71 508 430 508 430 506 430 506 0 1 0 5
 255 5 352 353 352 353 352 353 352 431 352 431 352 431 0 3 0 3
 4227327 5 378 392 378 392 378 553 465 553 465 513 465 513 0 3 0 5
 4227327 5 391 392 391 392 391 543 485 543 485 513 485 513 0 3 0 5
 4227327 5 404 392 404 392 404 533 505 533 505 513 505 513 0 3 0 5
1
 7085 1 16 320 301 5 0 0 13244 3
