Version 0.9.7
6
 4 10 175 77 128 0 1
 5 80 400 206 81 2 2
 0 167 136 877 276 8 3
 1 324 28 206 81 140 4
 3 632 37 203 58 150 5
 1 278 446 206 81 171 6
 0
41
 65793 5 71 288 71 288 71 395 220 395 220 397 220 397 0 1 0 3
 255 5 71 189 71 189 71 150 71 150 220 150 220 150 0 1 0 3
 255 5 246 150 246 150 246 150 246 384 246 384 246 384 0 3 0 3
 0 5 259 397 259 397 259 397 259 163 259 163 259 163 0 3 0 3
 0 5 339 97 339 97 339 163 339 163 337 163 337 163 0 4 0 3
 255 5 339 39 339 39 311 39 311 39 311 150 311 150 0 4 0 3
 8454016 5 376 319 376 319 376 319 337 319 337 319 337 319 0 3 0 3
 8454016 5 337 254 337 254 337 254 337 293 337 293 337 293 0 3 0 3
 16744448 5 363 306 363 306 363 306 324 306 324 306 324 306 0 3 0 3
 16744448 5 324 293 324 293 324 293 324 228 324 228 324 228 0 3 0 3
 255 5 363 202 363 202 363 202 363 150 363 150 363 150 0 3 0 3
 0 5 506 345 506 345 506 345 506 397 506 397 506 397 0 3 0 3
 33023 5 758 81 758 81 753 81 753 81 753 202 753 202 0 5 0 3
 33023 5 753 254 753 254 753 254 753 293 753 293 753 293 0 3 0 3
 33023 5 467 332 467 332 467 332 467 332 753 332 753 332 0 3 0 3
 33023 5 480 319 480 319 480 319 740 319 740 319 740 319 0 3 0 3
 33023 5 740 293 740 293 740 293 740 254 740 254 740 254 0 3 0 3
 33023 5 740 202 740 202 740 81 740 81 738 81 738 81 0 3 0 5
 33023 5 493 306 493 306 493 306 727 306 727 306 727 306 0 3 0 3
 33023 5 727 293 727 293 727 293 727 254 727 254 727 254 0 3 0 3
 33023 5 727 202 727 202 723 202 723 81 718 81 718 81 0 3 0 5
 33023 5 698 81 698 81 698 202 698 202 701 202 701 202 0 5 0 3
 33023 5 701 241 701 241 701 241 701 241 506 241 506 241 0 3 0 3
 32768 5 428 345 428 345 428 457 428 457 429 457 429 457 0 3 0 6
 32768 5 415 345 415 345 415 457 415 457 410 457 410 457 0 3 0 6
 32768 5 402 345 402 345 399 345 399 457 391 457 391 457 0 3 0 6
 32768 5 389 345 389 345 383 345 383 457 372 457 372 457 0 3 0 6
 255 5 298 384 298 384 298 457 298 457 293 457 293 457 0 3 0 6
 0 5 272 397 272 397 272 515 272 515 293 515 293 515 0 3 0 6
 0 5 643 74 643 74 643 163 643 163 649 163 649 163 0 5 0 3
 16744448 5 456 65 456 65 466 65 466 117 441 117 441 241 0 4 0 3
 16744448 5 475 65 485 65 485 129 416 129 416 241 415 241 0 4 0 3
 16744448 5 389 241 389 241 389 141 504 141 504 65 494 65 0 3 0 4
 16744448 5 324 215 324 215 324 156 523 156 523 65 513 65 0 3 0 4
 65408 5 337 241 337 241 337 123 447 123 447 65 437 65 0 3 0 4
 4210688 5 454 345 454 345 454 457 454 457 467 457 467 457 0 3 0 6
 33023 5 467 241 467 241 467 185 678 185 678 81 678 81 0 3 0 5
 65280 5 418 65 418 65 428 65 428 131 376 131 376 202 0 4 0 3
 65280 5 399 65 399 65 407 65 407 202 402 202 402 202 0 4 0 3
 65280 5 380 65 380 65 390 65 390 183 428 183 428 202 0 4 0 3
 16384 5 441 345 441 345 441 457 441 457 448 457 448 457 0 3 0 6
1
 7181 1 24 357 254 5 0 0 6492 3
